4
793
846
218
17
619
562
756
568
390
353
745
400
300
54
535
525
843
641
35
815
66
559
755
276
440
537
242
754
204
737
271
594
18
178
33
678
440
474
862
976
863
418
291
750
30
652
783
873
136
147
920
634
52
26
642
179
94
402
22
906
901
494
486
382
486
33
749
527
674
520
490
702
625
300
769
401
725
63
373
329
542
623
128
666
466
668
103
670
833
796
850
594
120
934
355
993
266
95
169
86
975
96
917
986
654
1000
471
362
89
775
680
863
14
789
442
292
96
537
846
924
622
503
818
164
361
272
484
209
335
390
825
452
445
37
444
650
372
599
407
62
524
733
367
190
972
613
925
238
858
948
519
261
570
112
639
247
859
425
901
883
309
974
12
638
279
624
161
611
546
735
892
291
48
823
642
735
410
339
976
666
491
937
302
602
668
744
945
563
270
100
325
29
71
248
580
4
922
354
849
22
937
167
746
725
405
906
991
654
76
336
543
605
605
117
26
109
523
839
605
751
280
384
636
278
371
995
500
135
284
693
10
260
56
363
814
483
792
270
599
572
333
112
524
971
903
397
901
23
226
481
742
681
90
305
176
484
239
470
390
305
392
4
285
807
893
565
787
592
491
272
487
453
262
888
975
503
683
989
428
79
393
965
745
466
318
135
794
971
196
94
261
647
194
663
444
637
362
60
856
352
451
350
414
510
905
622
380
99
12
289
834
796
251
926
8
346
800
317
808
219
180
126
736
468
438
391
591
51
290
118
71
753
27
919
33
1
393
134
587
152
496
483
811
481
740
930
756
224
379
143
489
709
920
439
898
931
358
615
734
745
94
710
302
415
446
344
85
438
59
34
629
457
526
9
499
297
148
808
606
587
385
850
812
431
148
828
825
265
295
942
95
619
589
159
420
158
136
305
973
765
191
925
961
905
934
890
607
8
682
535
274
943
23
511
177
914
749
590
402
819
871
523
285
340
3
829
171
857
594
304
183
367
756
962
166
16
358
314
138
487
420
569
164
847
51
386
485
431
840
696
961
946
732
285
239
834
89
246
248
896
954
535
229
886
656
548
652
105
96
33
879
479
126
965
125
627
459
629
690
605
536
942
381
857
180
418
577
45
950
676
66
90
50
441
42
980
351
393
358
957
765
238
744
442
589
269
999
108
184
239
342
766
191
863
530
309
920
340
670
978
434
548
781
559
236
658
448
247
882
107
747
964
445
196
321
592
732
523
964
378
361
630
190
114
826
795
431
939
532
601
953
760
169
550
358
322
91
31
467
592
278
818
165
309
908
272
110
423
138
125
659
370
413
738
990
573
178
412
580
974
973
73
678
403
186
229
21
688
247
484
449
205
273
498
936
176
823
470
523
424
788
401
497
172
235
437
754
866
319
86
470
511
560
337
866
148
280
406
814
366
545
142
810
916
490
481
105
569
270
649
877
416
197
395
289
451
5
84
213
24
454
802
421
423
433
186
639
700
421
921
613
12
99
832
739
635
168
156
802
353
116
219
797
446
711
744
353
391
622
552
588
694
655
626
182
493
965
209
940
169
988
337
912
51
201
70
742
969
166
767
653
824
806
215
333
554
42
877
287
254
634
98
870
506
833
390
666
587
64
719
228
389
836
122
353
264
132
757
743
987
517
37
861
449
324
964
137
114
575
680
438
24
59
742
561
346
841
31
680
768
255
334
784
616
824
473
797
469
180
749
485
743
14
771
613
342
793
327
151
518
821
445
398
295
209
48
17
257
517
317
202
527
685
637
544
13
380
10
859
243
18
904
586
753
670
877
917
672
792
206
942
288
191
764
410
367
322
406
502
721
888
681
987
126
669
959
678
597
662
834
345
457
419
278
145
166
477
379
633
241
713
388
627
742
674
749
551
443
173
242
539
662
442
16
511
952
300
983
446
805
535
510
826
225
793
366
929
394
504
636
529
339
571
374
619
878
833
128
619
968
528
287
457
835
546
303
406
73
593
160
434
631
627
309
931
801
784
726
240
243
203
318
206
940
171
415
39
862
902
532
280
290
842
622
597
307
332
741
352
596
822
826
969
880
504
607
968
450
781
13
479
178
978
694
331
313
82
488
460
406
153
959
114
570
201
242
813
650
508
367
655
693
870
819
267
736
336
254
246
740
964
157
774
41
249
596
220
339
100
244
827
50
323
366
624
706
469
379
380
612
49
917
169
240
137
477
476
387
402
326
242
83
828
149
361
299
185
646
19
769
966
13
642
369
358
400
959
929
389
990
99
922
845
254
5
555
359
656
491
520
503
238
960
628
334
63
155
555
329
716
208
466
798
130
530
400
961
470
442
666
447
970
318
451
335
17
673
710
968
283
91
42
790
796
365
719
652
576
525
959
767
268
619
110
322
709
19
640
726
681
506
101
952
610
319
833
513
209
425
477
960
349
49
987
587
643
170
646
132
331
908
140
296
362
127
739
805
601
270
954
232
821
510
690
983
382
897
867
697
738
475
349
801
113
390
215
424
352
619
300
40
884
676
265
485
656
882
668
986
444
283
755
61
335
805
429
580
97
376
997
569
250
305
464
529
580
381
512
185
922
322
793
994
615
108
515
662
321
561
866
912
117
55
613
133
731
488
720
1000
744
469
561
704
765
925
99
358
487
858
835
129
27
608
674
170
34
353
488
6
434
527
335
635
535
979
419
838
635
644
195
232
830
661
821
756
753
716
8
357
560
330
998
205
586
903
860
989
40
71
874
528
206
779
879
690
69
890
580
987
659
180
666
156
807
796
528
749
581
952
535
535
902
647
276
690
293
259
130
91
541
762
292
835
569
851
412
805
257
638
427
104
65
293
647
889
105
788
967
938
921
887
216
248
146
227
819
952
559
468
73
584
682
626
260
261
375
652
74
978
471
356
365
39
360
198
718
168
504
564
853
890
891
477
597
70
528
856
357
192
261
614
29
282
391
265
499
15
228
633
529
715
804
506
585
691
619
537
559
739
973
96
829
269
261
80
478
132
143
89
828
213
648
561
580
894
575
845
398
769
580
306
362
159
741
45
95
81
814
164
417
366
576
333
949
69
740
24
341
774
852
732
638
10
188
533
942
764
369
276
536
960
536
249
756
65
84
227
768
298
922
553
591
862
307
345
961
527
360
175
612
788
254
787
876
700
850
24
316
628
622
375
374
766
589
774
441
391
945
824
861
603
521
945
510
408
201
203
14
68
154
380
46
510
896
670
322
397
333
67
289
178
464
978
741
315
288
115
836
852
586
924
392
992
596
269
107
785
339
458
940
827
582
23
144
778
197
654
164
84
438
25
647
811
956
359
147
783
875
703
687
597
531
341
525
143
929
863
599
202
149
857
702
301
894
85
693
898
217
649
956
469
497
727
996
734
850
223
971
826
794
421
367
42
888
273
291
492
908
825
535
801
888
244
919
818
520
392
786
465
763
556
888
896
397
738
455
717
348
34
562
420
822
758
427
667
803
252
739
682
134
732
317
309
201
206
730
49
507
205
724
987
726
85
198
438
632
172
394
263
709
23
596
60
100
92
676
696
701
840
729
876
744
369
24
359
713
851
355
772
853
867
932
292
371
842
105
875
72
596
74
952
628
237
281
582
566
259
913
451
346
437
683
482
619
231
533
941
276
296
10
542
648
147
877
891
126
187
651
446
41
414
232
428
269
310
581
449
613
960
462
238
968
565
235
922
442
89
257
763
59
91
936
961
260
356
44
306
361
621
558
151
452
596
691
31
358
771
841
22
569
456
705
996
852
967
534
726
578
671
860
79
623
128
675
700
209
924
60
617
902
602
990
757
402
958
676
957
590
230
979
417
627
637
222
279
311
341
266
538
908
194
662
518
710
245
787
480
750
842
923
33
734
77
569
615
30
852
951
278
117
877
248
489
657
453
151
419
522
642
912
102
917
10
110
778
228
302
273
254
837
686
652
164
514
589
775
404
631
410
568
618
162
880
72
677
555
744
722
334
483
193
316
531
330
632
934
420
131
958
613
570
89
780
305
352
546
907
487
452
110
630
188
875
360
690
183
375
248
691
772
904
522
931
863
696
461
167
855
973
856
146
744
451
597
608
429
199
711
406
569
410
179
931
961
659
691
690
736
381
76
446
98
572
73
699
222
701
898
254
222
804
937
138
584
789
162
943
654
231
946
116
637
526
628
221
356
730
941
899
707
41
555
714
976
440
681
693
299
763
493
850
939
932
383
415
6
746
529
182
322
85
132
404
952
331
667
505
808
536
734
562
757
539
272
900
530
194
643
628
796
769
136
646
785
751
141
95
298
420
44
268
537
411
518
906
273
522
849
629
87
193
13
864
182
903
700
928
257
30
531
566
795
81
499
359
843
901
210
406
647
475
568
925
459
14
826
143
989
319
498
427
412
201
13
862
363
609
859
196
682
101
547
899
192
116
649
46
190
527
106
602
998
96
775
6
933
311
94
974
796
98
743
973
148
777
114
648
152
163
545
799
945
953
51
772
280
512
775
496
65
71
203
681
630
712
838
418
653
46
284
380
867
143
986
655
170
392
441
688
189
250
554
357
784
425
273
579
635
256
762
439
57
275
2
342
511
82
791
575
827
16
447
47
238
487
864
649
741
568
980
727
223
626
223
796
755
265
724
916
389
224
85
818
693
368
599
526
813
651
912
177
835
151
770
498
977
515
212
115
141
780
996
953
130
259
392
602
783
763
962
910
29
769
198
51
356
452
997
76
253
739
482
594
399
202
115
841
28
295
75
356
603
234
105
937
372
511
408
235
897
309
122
136
919
507
835
938
842
64
77
479
44
648
335
225
88
910
178
808
720
942
476
217
503
801
324
616
881
927
95
197
261
583
340
26
25
410
414
140
688
85
671
655
903
73
123
797
4
730
415
248
736
683
853
818
157
365
717
1
1000
221
1
40
93
881
327
773
228
842
75
463
271
106
702
434
403
569
487
988
199
431
599
720
503
421
636
114
632
366
947
888
827
561
524
856
386
582
74
123
260
41
455
816
817
180
944
102
298
940
126
879
422
978
635
676
923
584
294
600
719
227
703
428
117
231
325
706
122
999
858
413
714
553
613
539
575
555
423
88
924
789
772
558
171
791
868
748
563
365
408
55
319
191
996
187
321
115
968
482
997
311
296
32
138
922
717
296
332
532
619
133
460
192
772
599
206
711
887
497
605
174
139
386
258
320
497
755
15
80
209
428
732
923
10
343
929
872
848
585
320
973
851
333
880
878
822
318
809
325
584
148
782
632
570
333
159
861
733
488
662
924
655
551
224
633
919
750
413
70
511
350
552
356
31
692
669
411
654
780
961
827
832
519
890
614
501
908
756
823
20
161
650
681
717
690
595
872
539
190
586
91
166
978
229
175
771
286
35
825
966
200
444
510
144
355
23
797
646
662
951
454
250
286
730
51
203
490
131
255
990
446
705
205
330
425
837
436
731
918
226
293
658
461
594
919
754
527
393
327
685
348
255
363
306
695
276
176
916
902
215
707
226
360
431
718
836
708
925
306
824
487
353
674
674
907
818
499
663
406
223
336
827
195
924
264
281
716
45
729
526
165
920
724
194
139
169
349
72
427
932
49
657
144
180
567
786
967
292
917
409
979
505
369
348
415
800
845
121
401
878
985
89
76
981
878
471
908
127
932
806
951
494
758
841
286
172
690
300
811
152
670
444
861
423
140
496
296
991
406
139
749
851
80
726
406
546
433
572
434
172
21
479
266
70
969
866
443
983
276
86
701
588
312
125
126
989
141
640
767
932
671
554
979
10
230
462
762
388
359
959
909
543
377
671
51
403
493
423
511
792
365
777
835
972
330
307
606
231
570
119
508
667
130
234
799
188
259
639
587
177
65
977
2
851
965
710
315
242
189
713
209
593
202
566
33
342
271
302
865
216
270
469
244
350
168
669
334
276
650
134
607
924
152
365
447
56
724
712
803
769
493
56
996
719
882
285
324
735
27
469
59
650
188
136
890
907
102
694
442
170
424
788
358
50
679
41
125
460
111
639
195
941
689
740
631
372
280
402
497
476
372
232
156
308
210
584
441
102
733
184
286
127
271
595
844
441
573
320
999
464
146
925
27
190
758
650
660
954
761
369
975
273
842
549
246
154
781
249
637
971
333
255
875
676
189
539
504
305
683
4
637
759
62
367
820
775
153
481
280
961
296
835
618
631
204
640
21
250
156
883
687
827
261
931
677
134
649
98
227
822
342
72
470
517
39
159
511
949
908
124
282
188
936
354
797
424
625
573
980
621
152
537
192
496
949
439
510
37
942
924
160
194
174
899
341
214
970
201
903
78
992
968
385
48
483
591
126
873
830
635
835
767
895
578
98
422
643
908
761
534
919
768
140
368
186
741
288
711
322
476
719
188
387
457
530
261
50
563
443
700
227
926
732
539
737
308
652
685
523
273
336
862
246
539
1000
164
986
669
881
771
672
296
523
264
780
511
871
264
12
835
17
201
27
95
23
920
112
900
660
472
182
442
566
620
480
479
716
305
737
865
992
214
82
951
391
185
471
903
167
360
8
63
305
962
65
369
164
733
404
348
549
381
852
233
786
660
363
29
633
821
549
264
561
17
805
987
705
819
296
293
884
922
935
543
682
579
639
668
204
987
451
500
755
388
258
953
537
567
344
859
178
132
16
671
795
661
619
929
577
599
52
800
221
576
111
173
381
625
701
906
577
216
908
333
407
710
37
348
970
150
582
768
967
387
471
284
397
333
996
392
795
476
932
445
168
635
204
146
85
658
259
771
969
733
362
341
191
314
451
313
951
758
815
460
418
41
925
595
323
789
855
922
870
154
49
647
777
631
879
935
958
13
115
519
173
228
30
293
360
962
543
810
801
831
406
260
145
370
985
344
244
453
628
941
271
9
463
555
166
932
56
443
38
735
190
527
4
916
483
368
686
519
686
599
843
5
824
488
761
644
369
552
872
558
889
549
469
201
857
820
589
255
875
73
349
327
2
789
424
986
913
44
914
882
512
158
746
107
561
465
573
654
756
350
75
302
411
423
418
935
861
391
970
368
87
955
797
626
335
976
54
394
433
25
415
192
137
511
746
528
290
341
572
893
857
786
871
444
585
682
575
503
891
898
583
259
972
729
198
989
894
845
517
961
552
518
937
632
128
97
483
663
166
207
946
943
926
542
349
840
920
829
123
881
775
526
528
951
169
3
864
763
71
535
476
251
313
82
298
510
14
247
229
634
426
1000
887
893
4
75
344
237
291
974
833
51
927
677
317
194
573
393
851
902
237
293
569
88
282
331
364
915
970
452
834
271
578
593
157
622
665
914
343
603
758
369
675
547
17
363
902
991
991
190
667
543
190
653
779
646
311
103
133
691
220
864
854
33
38
712
906
999
920
293
452
256
663
356
110
893
725
639
991
552
985
859
635
158
556
952
845
503
910
508
750
715
520
301
392
176
773
357
858
924
958
1
826
743
637
873
894
695
736
216
782
112
934
418
210
536
913
521
488
926
369
736
305
373
195
713
964
731
333
178
35
83
9
411
757
994
831
439
63
389
105
422
916
400
151
885
506
610
694
162
18
834
575
739
581
637
738
331
376
166
192
452
841
290
123
456
779
624
634
304
11
573
475
624
602
189
510
655
427
652
455
584
154
210
720
188
498
595
391
424
346
239
459
765
623
366
298
669
8
342
448
785
159
513
491
987
768
60
108
653
72
164
604
26
374
111
20
436
562
481
20
962
334
590
665
625
573
623
56
872
897
809
209
80
77
924
880
997
610
901
525
51
761
696
57
681
519
332
830
31
440
793
453
989
52
905
791
545
196
972
177
541
243
147
204
23
336
484
586
431
514
420
653
369
976
525
374
103
353
301
991
700
180
871
257
853
165
728
754
803
9
297
446
266
874
406
908
197
646
585
340
748
368
874
739
35
744
414
464
383
218
351
767
249
142
866
346
431
519
551
24
60
916
156
59
736
608
495
936
54
644
396
20
939
101
186
629
259
10
586
509
59
127
847
426
115
731
969
784
594
866
104
184
95
236
211
774
205
941
595
423
50
156
584
921
240
404
782
207
762
381
891
423
862
779
171
592
463
575
606
298
285
770
993
883
149
637
959
158
831
813
337
875
810
171
445
858
53
643
173
667
763
658
455
302
565
171
278
113
786
51
543
268
424
520
103
184
768
593
47
38
486
690
734
218
493
919
949
737
789
610
222
350
778
724
18
299
589
131
77
156
505
751
800
334
802
24
499
415
337
546
904
239
658
588
180
385
658
122
878
597
18
944
8
900
695
68
274
686
808
560
696
9
106
455
333
458
354
418
398
280
48
906
503
993
985
539
969
186
311
747
565
402
247
616
846
435
698
665
226
233
79
584
655
694
807
830
111
9
624
261
742
367
994
980
196
394
27
862
727
512
803
454
999
588
273
934
934
152
261
827
968
580
395
235
406
97
518
905
370
609
590
461
496
654
977
142
748
675
615
122
623
598
897
250
136
932
635
173
285
521
728
427
937
611
533
67
784
197
404
228
270
949
394
27
792
182
494
457
263
42
577
651
26
638
698
357
894
858
599
231
983
423
157
514
70
978
699
820
241
445
368
421
360
856
616
807
634
556
955
813
783
950
32
579
363
584
850
408
564
645
285
710
49
40
282
566
383
221
676
810
528
873
771
86
943
29
60
249
141
5
758
702
472
653
361
860
866
744
526
268
791
20
342
374
871
342
569
542
273
860
436
429
185
782
732
235
84
176
272
753
941
370
110
619
592
127
985
803
841
35
318
491
516
465
42
540
877
641
526
562
934
298
816
473
492
801
900
673
185
739
883
709
450
836
195
145
228
164
649
169
176
180
759
183
337
517
677
72
268
377
37
220
910
15
390
526
576
789
736
261
247
396
973
333
11
988
195
317
648
317
826
227
750
369
316
895
393
548
721
551
184
655
156
775
366
470
165
515
209
688
369
634
779
87
850
536
315
96
255
927
756
420
434
977
103
658
922
57
682
593
608
826
358
446
771
920
269
795
870
820
965
347
17
899
301
782
343
473
473
36
408
319
761
497
44
574
985
596
425
123
221
813
37
670
369
25
269
39
688
184
417
423
647
362
873
219
916
87
859
295
674
252
258
801
102
837
63
362
953
574
376
72
11
328
520
468
983
546
228
147
330
332
167
77
685
213
680
870
862
352
391
619
323
698
246
228
997
490
545
237
584
32
694
732
328
537
945
459
1000
414
969
864
910
796
231
707
965
939
386
599
983
867
225
649
14
650
735
699
631
687
925
940
375
237
533
131
498
476
648
666
968
175
6
640
281
101
584
96
608
114
473
236
693
545
153
957
179
929
40
710
114
537
226
244
786
898
596
460
213
640
10
326
223
98
516
126
265
376
464
292
389
238
125
279
854
648
165
300
366
869
803
720
923
395
821
941
167
975
754
51
705
68
996
629
607
775
974
650
372
97
646
965
95
862
211
268
649
989
582
862
876
801
201
153
255
270
165
770
143
188
74
742
312
370
900
902
782
414
958
781
746
526
923
62
484
657
391
826
195
356
339
767
426
280
17
927
899
39
690
568
651
637
57
947
886
565
768
333
52
817
661
215
941
381
788
529
455
773
534
140
662
598
957
226
355
430
139
286
618
417
769
797
111
98
361
702
367
882
54
83
924
227
506
699
187
851
18
310
124
916
596
26
52
245
87
870
583
15
294
796
179
213
982
239
763
334
594
411
15
147
236
587
501
114
323
302
611
935
96
446
841
876
141
229
302
764
54
737
349
728
206
926
699
810
29
261
842
800
325
166
835
771
731
637
466
414
816
99
268
898
247
276
541
81
912
901
576
933
860
43
49
182
292
194
288
781
903
16
488
299
85
693
729
271
805
728
365
147
835
156
161
274
116
777
311
685
601
231
822
253
536
909
925
122
779
537
961
36
225
583
121
340
640
465
338
103
717
104
800
783
850
711
763
585
197
197
629
138
555
344
220
925
706
861
806
83
648
120
395
847
6
546
255
7
865
977
86
455
727
158
702
995
521
983
296
731
497
76
23
94
699
898
129
719
885
582
398
583
816
870
697
776
122
669
159
69
200
850
897
340
250
603
697
348
406
200
999
648
975
595
491
485
750
875
55
615
10
569
163
630
510
585
121
729
471
230
367
749
43
786
839
688
973
444
525
589
136
849
866
327
104
584
181
249
997
699
911
763
149
132
52
731
312
970
395
811
12
291
592
60
299
346
47
659
699
385
201
790
866
457
681
779
522
576
930
445
891
87
693
497
51
854
692
22
657
867
48
339
424
66
904
499
475
448
804
977
611
749
966
898
510
915
238
326
921
939
200
678
432
56
215
415
473
496
405
850
247
147
281
263
304
214
40
957
553
217
568
21
226
625
892
714
202
384
432
947
130
788
820
581
353
76
902
762
820
456
573
525
637
150
692
650
861
635
675
302
566
91
282
741
200
335
91
123
839
887
445
787
48
277
981
569
723
216
545
618
314
483
508
827
769
13
801
280
563
372
684
447
619
586
996
557
693
764
518
768
466
112
45
122
222
574
98
463
99
395
158
173
675
567
695
547
608
317
629
763
279
679
900
951
678
483
858
473
388
926
123
131
270
499
557
837
685
71
576
434
528
100
386
685
65
539
704
486
496
441
12
222
580
781
612
155
948
427
920
908
826
854
670
639
734
41
930
354
976
537
525
848
23
172
467
585
139
38
433
315
792
883
164
903
110
241
17
59
727
935
895
164
465
994
969
471
463
694
949
824
781
412
874
489
908
359
695
30
298
866
549
650
144
109
718
332
502
761
435
476
405
120
90
551
759
278
191
415
847
231
232
491
862
529
843
502
673
590
188
64
470
12
982
980
497
804
428
845
540
824
874
338
388
132
217
497
531
604
236
561
78
678
229
164
196
638
103
864
850
110
112
90
291
749
650
722
229
706
870
906
100
821
64
805
450
928
693
831
126
881
108
342
238
307
289
99
824
505
824
326
931
686
761
501
912
731
443
980
75
504
138
608
715
790
969
632
711
833
580
65
375
293
829
800
372
223
113
657
908
894
157
126
146
201
740
914
558
375
9
211
894
546
29
948
725
885
28
233
23
45
243
393
819
670
836
288
719
236
804
382
406
602
208
702
740
994
551
309
593
147
821
263
514
306
101
289
422
190
750
951
84
501
583
926
222
650
657
171
64
798
207
1
228
156
627
648
47
613
517
201
90
251
931
497
338
989
446
83
124
558
314
18
929
222
500
203
496
906
403
103
18
604
72
391
989
299
674
734
237
441
547
545
117
443
968
409
49
334
555
285
20
677
609
300
471
365
410
232
411
418
263
925
430
596
661
271
426
302
384
376
752
310
317
135
131
133
443
952
761
420
678
96
39
360
483
668
558
614
677
109
745
22
769
973
46
382
211
641
17
158
828
887
562
381
773
624
846
471
202
961
960
541
138
687
322
110
430
155
228
767
507
651
543
849
863
794
809
559
717
963
941
469
112
22
199
984
788
647
339
430
285
185
240
207
578
655
23
48
507
278
494
696
640
629
623
949
48
584
743
25
65
664
874
68
812
920
621
489
120
732
392
663
63
936
710
845
728
769
409
618
908
754
898
480
786
552
284
173
574
960
24
547
467
526
932
154
113
573
658
692
49
641
786
524
13
522
739
636
714
547
57
417
126
315
921
202
253
235
164
612
566
884
17
419
600
543
466
223
795
782
760
202
941
954
412
296
380
795
699
143
229
832
400
635
491
937
758
361
670
729
523
994
45
151
392
804
238
120
160
52
905
708
820
126
248
5
403
83
519
326
233
25
424
433
796
911
641
479
840
616
876
166
178
31
632
809
87
858
212
867
117
624
720
774
63
933
662
28
627
370
485
980
765
524
379
806
474
274
727
477
952
916
102
531
396
438
806
917
643
470
853
492
11
805
30
497
569
239
819
145
39
114
295
26
393
451
35
114
22
425
343
495
825
450
81
522
677
765
563
103
786
944
44
327
805
68
854
261
219
49
805
570
571
50
79
291
512
513
142
25
203
128
764
825
104
659
38
189
66
318
900
333
957
899
36
562
182
272
455
729
459
678
727
853
636
317
407
877
608
81
192
962
52
974
136
78
64
596
457
940
102
992
641
248
884
346
729
392
140
26
505
625
391
608
868
630
327
55
383
267
970
566
105
253
574
266
646
902
456
844
231
9
603
979
353
356
983
515
503
952
15
986
232
823
189
110
387
2
204
781
475
562
770
417
886
735
576
847
301
93
201
411
564
775
479
252
617
927
469
601
376
742
769
22
10
519
324
990
555
643
732
533
363
769
337
620
831
25
494
546
619
628
224
40
643
51
907
257
873
861
187
978
470
859
201
373
177
893
376
937
113
464
550
362
774
562
958
950
869
666
945
223
869
494
710
224
740
209
526
926
12
336
582
901
690
188
491
428
750
381
988
125
620
804
876
603
555
929
890
398
362
52
619
378
813
119
443
797
932
261
549
211
531
547
956
670
496
408
788
768
413
761
294
132
466
356
755
666
662
107
855
234
398
797
719
31
256
990
302
543
262
98
411
892
209
622
517
978
887
258
20
819
31
792
843
8
830
890
146
893
344
946
322
124
290
331
91
211
84
258
736
116
491
50
697
20
57
349
984
467
399
678
158
44
543
395
505
554
402
471
480
930
585
482
632
579
311
742
341
482
633
987
628
101
214
223
199
106
256
263
778
198
872
682
529
863
795
813
666
6
100
948
663
496
89
148
524
264
28
73
93
282
21
315
402
424
347
468
539
17
796
317
575
534
568
606
866
263
658
688
507
919
507
536
687
611
870
480
977
611
782
804
266
228
151
369
399
68
333
240
258
513
287
732
143
688
413
472
749
882
381
355
70
727
529
290
15
430
623
257
221
529
743
452
526
504
862
327
376
672
186
764
153
771
141
918
423
761
261
935
594
83
707
127
571
317
577
316
404
202
784
497
374
691
832
401
455
578
178
556
529
221
929
775
409
694
68
32
892
879
960
47
32
888
289
76
339
851
313
645
619
672
488
6
541
416
341
953
705
664
189
211
94
513
145
78
292
620
324
346
667
581
293
95
403
775
957
931
767
807
397
774
643
311
791
699
475
874
96
913
188
732
232
359
437
702
216
420
646
921
52
141
720
285
375
412
998
524
625
152
543
55
324
907
301
369
754
851
377
369
101
38
885
809
490
479
853
686
577
697
234
12
155
1
549
247
391
351
612
68
99
731
441
146
331
544
733
113
578
122
910
212
916
221
947
405
56
318
431
246
134
317
997
630
951
725
410
804
147
949
800
956
556
289
933
73
225
951
316
662
274
276
811
731
734
214
192
878
257
966
363
241
393
799
886
6
226
797
180
845
843
408
533
558
261
329
698
39
693
715
832
994
347
54
26
532
114
801
625
692
476
854
599
137
223
318
88
531
434
237
976
664
917
453
912
121
974
458
624
168
378
946
247
869
469
961
175
45
173
77
874
736
462
642
662
285
256
105
526
55
188
634
631
444
532
689
947
728
452
432
883
76
685
803
800
785
95
319
8
358
940
311
68
193
562
160
707
429
761
377
129
687
203
977
167
674
851
86
694
893
857
733
284
115
657
659
743
165
829
260
911
759
657
707
936
956
322
61
529
225
156
111
73
219
196
526
847
380
139
74
343
2
311
58
250
500
593
992
855
978
429
608
690
25
831
510
574
773
715
541
547
741
639
975
454
841
399
305
69
9
897
709
120
325
406
97
5
480
371
953
460
577
941
483
39
958
84
864
593
996
255
360
666
897
986
786
737
612
710
863
855
545
179
75
548
116
195
586
288
460
746
433
946
473
999
1
480
816
16
555
529
709
331
969
410
903
138
281
359
77
298
119
766
469
353
507
315
160
545
637
222
10
447
168
761
185
454
94
360
506
107
939
137
734
115
45
673
251
17
776
562
47
795
454
780
657
184
602
498
693
252
205
349
214
72
838
163
587
84
883
772
967
710
12
164
491
460
897
729
905
889
975
133
73
368
371
717
734
114
398
67
835
311
270
271
793
283
905
210
1
88
788
780
829
627
995
167
741
652
198
390
288
970
507
798
355
110
328
663
885
907
187
847
960
601
512
797
493
161
451
515
473
609
993
110
581
689
747
926
322
943
86
676
288
857
758
855
734
227
916
908
180
90
578
796
144
976
373
783
324
887
732
634
898
349
904
291
886
204
662
158
170
438
504
354
815
24
911
640
78
233
202
628
631
104
441
668
357
860
448
757
578
4
558
733
118
35
296
597
508
155
590
958
317
356
635
320
993
347
780
897
234
825
277
974
451
484
441
873
66
726
657
99
201
178
937
731
691
117
402
722
521
268
316
271
754
102
625
390
178
542
665
778
356
343
451
11
167
376
283
740
338
588
738
854
708
128
642
259
179
97
546
298
465
136
863
973
931
116
712
203
330
190
275
939
161
437
453
590
227
486
118
339
309
261
889
667
213
73
709
122
719
492
693
342
658
993
40
304
57
243
860
988
523
929
285
653
912
745
424
276
489
145
614
710
78
854
715
393
282
319
500
205
568
538
282
715
969
331
217
988
926
592
242
101
880
615
162
328
836
446
726
478
413
512
353
935
66
272
168
814
764
68
822
530
350
60
822
472
548
369
45
787
401
472
623
551
897
473
545
383
93
823
19
335
936
339
17
817
665
520
554
150
233
455
71
372
998
211
248
882
992
553
809
201
860
269
207
372
520
166
908
37
765
416
778
936
570
95
687
157
74
914
343
799
246
112
774
535
509
441
20
418
650
353
255
358
105
290
535
110
621
595
907
144
889
871
418
436
99
970
186
63
487
904
504
424
51
201
783
427
268
695
638
507
470
747
7
997
627
461
948
822
685
575
313
888
109
117
469
323
323
895
206
533
377
202
961
395
355
798
356
23
412
708
699
426
414
928
513
329
331
356
40
959
279
128
530
75
852
166
410
598
74
778
858
302
231
813
888
133
166
978
137
775
498
40
694
269
160
361
870
371
948
866
259
362
63
851
140
119
12
614
733
576
543
328
300
567
1
512
400
898
584
206
417
510
30
706
772
592
160
605
690
307
801
359
360
772
14
473
58
138
488
793
851
179
38
649
309
39
16
744
195
720
233
204
677
684
232
641
12
892
911
253
729
951
427
511
227
341
177
946
217
350
502
912
506
264
48
627
691
366
93
890
772
277
642
488
81
816
349
710
824
28
695
239
457
402
323
596
317
760
434
970
413
1
955
302
755
818
124
354
72
310
73
888
734
287
435
178
607
30
566
709
949
333
83
588
975
658
614
553
16
415
932
896
894
782
448
148
382
206
872
741
113
911
127
595
882
491
289
124
603
628
378
773
497
382
931
480
246
830
489
258
420
976
699
830
992
764
202
93
427
412
829
950
725
546
676
733
439
674
660
428
205
468
554
504
283
140
538
740
883
800
947
315
916
473
740
720
39
864
118
849
791
700
761
408
587
912
871
692
78
712
298
969
196
331
231
254
851
382
152
801
921
605
943
479
132
519
342
693
617
627
454
508
193
1
200
708
708
83
644
785
804
257
740
230
397
269
883
694
688
678
417
616
934
816
680
804
128
928
454
359
111
372
437
651
752
43
40
184
967
35
300
286
418
137
945
37
137
661
829
402
593
33
442
398
953
450
299
756
887
648
516
816
293
304
721
449
688
607
260
854
946
734
245
388
369
825
724
501
887
507
499
177
826
182
491
681
748
449
212
495
987
836
595
618
694
783
836
283
660
43
691
919
893
389
203
22
647
31
21
826
194
318
333
608
74
442
30
430
790
385
55
546
67
293
759
286
858
473
684
732
539
766
568
863
322
686
572
755
538
858
966
492
587
219
788
473
791
231
149
649
738
900
600
842
828
53
636
258
150
757
334
683
321
21
397
797
218
208
891
656
399
845
690
425
94
114
478
166
633
383
870
234
287
354
491
261
162
678
130
484
211
589
165
518
965
68
889
720
90
929
16
218
537
451
123
460
411
78
89
422
52
598
282
446
342
378
62
685
830
85
573
641
951
867
604
496
99
643
206
366
994
437
805
641
663
845
14
441
10
92
775
237
32
413
477
849
553
155
130
108
748
395
77
653
429
331
684
788
819
788
637
643
766
276
284
310
254
589
497
960
797
502
590
826
442
872
889
511
934
820
737
757
107
604
449
88
313
648
404
320
40
865
361
932
194
642
964
945
275
30
650
654
426
496
643
743
372
331
857
684
434
858
802
155
477
571
353
495
753
909
962
954
457
765
688
405
426
797
528
429
263
519
63
750
666
367
375
178
953
655
328
419
158
814
528
193
363
577
395
816
939
501
186
324
621
683
860
109
111
753
578
700
328
48
200
543
860
602
313
845
125
464
731
42
162
924
334
579
712
919
114
647
517
760
932
659
17
837
487
439
7
293
39
776
695
439
515
260
101
873
635
908
748
962
278
942
909
604
455
266
578
968
474
781
84
742
497
874
656
995
64
343
472
763
329
732
628
583
473
630
554
262
3
460
293
574
29
225
96
479
852
529
941
215
91
673
941
54
127
448
407
825
146
686
676
792
969
936
221
507
669
983
410
80
760
29
750
371
37
34
741
696
296
996
297
586
684
457
864
579
839
140
663
140
97
95
939
89
419
199
432
188
34
471
525
620
288
699
61
827
345
193
665
222
250
769
556
57
249
868
530
332
188
893
336
228
773
337
441
99
818
615
396
960
963
985
233
933
801
254
135
340
104
190
760
19
687
23
876
876
603
919
837
649
257
836
312
200
644
504
945
692
411
89
697
382
119
812
412
478
854
424
450
754
667
256
371
999
917
272
66
417
822
792
166
545
625
152
231
453
782
223
214
329
39
155
402
238
792
15
809
402
477
964
819
606
622
294
730
601
335
583
842
687
907
951
962
471
672
764
942
564
388
433
60
828
533
440
567
565
707
398
834
303
794
796
123
130
666
402
288
939
435
458
773
233
328
748
225
88
491
8
734
472
555
609
157
536
808
462
635
247
63
108
956
522
970
458
82
170
402
985
89
981
202
763
990
548
628
426
564
996
889
747
485
922
574
778
34
282
57
397
417
854
913
481
976
731
798
383
385
288
79
922
517
90
569
507
424
381
190
529
197
712
559
487
688
635
50
725
315
314
909
944
731
795
706
903
126
617
893
119
191
886
619
924
560
829
806
291
33
378
409
411
695
576
619
985
154
763
778
479
489
436
35
776
550
81
263
209
319
490
574
628
821
680
488
310
947
358
993
228
977
297
838
717
818
913
529
851
959
242
468
818
147
713
933
972
958
709
161
613
606
968
527
873
344
212
673
300
689
836
395
99
924
978
850
551
95
473
99
605
396
21
336
176
748
201
432
971
418
724
237
498
102
907
247
823
400
719
532
609
262
26
672
846
769
888
281
957
193
85
349
825
512
834
213
490
30
604
875
136
438
535
546
185
115
254
841
181
94
739
150
385
941
323
261
365
769
515
825
760
695
403
866
601
807
950
612
631
550
780
780
172
632
774
226
255
647
893
527
32
233
960
468
295
552
437
143
429
661
632
792
555
173
221
606
423
381
463
200
165
895
750
739
175
840
237
5
972
321
612
96
618
347
219
940
890
594
634
528
879
443
223
863
605
570
787
902
216
989
639
750
757
968
324
849
555
90
621
301
880
797
909
43
107
932
11
593
390
171
486
512
353
956
501
438
33
263
793
743
444
382
207
890
674
664
173
618
821
921
744
558
26
708
53
635
422
570
388
567
58
517
207
877
578
270
82
129
124
16
847
704
517
217
463
22
230
94
141
375
266
585
594
581
384
352
158
806
233
644
338
393
514
928
563
862
301
768
980
736
206
545
40
314
632
74
630
889
742
635
386
281
89
162
67
474
65
996
406
876
370
169
555
952
855
44
637
842
300
111
176
76
337
555
412
228
436
536
209
823
944
821
116
721
947
606
458
966
924
740
469
558
577
405
229
914
176
773
173
649
574
955
648
982
704
6
214
417
875
561
943
503
643
213
18
312
703
678
691
22
149
489
529
43
220
731
260
905
465
694
227
925
798
925
233
58
144
509
865
43
532
70
35
861
609
294
704
35
591
478
386
905
282
694
352
749
518
631
451
772
112
957
828
538
60
615
896
419
2
479
612
438
351
612
736
40
102
910
170
627
446
370
579
660
644
165
906
173
13
505
750
919
654
307
981
867
99
222
232
130
271
95
522
784
925
870
455
917
9
260
61
496
240
620
215
688
587
408
221
936
599
277
827
312
468
500
662
634
579
708
323
359
162
335
574
435
819
742
527
494
271
471
304
263
787
992
335
985
415
218
81
428
288
802
965
21
639
637
391
635
1
601
404
439
468
478
132
824
900
897
176
419
28
955
668
973
464
261
430
249
811
487
854
41
557
862
157
752
261
624
360
317
261
848
141
666
133
251
737
433
604
233
353
45
287
505
709
965
381
17
243
373
209
730
25
387
242
134
591
409
95
423
343
891
636
287
651
802
929
628
156
920
949
469
383
615
282
388
217
560
129
302
351
988
460
619
71
180
3
811
805
833
424
106
788
989
940
357
492
737
517
224
997
114
150
7
272
879
429
927
337
132
374
555
477
471
398
690
537
530
424
29
34
56
697
431
141
714
592
65
204
771
992
878
829
240
41
178
365
188
630
735
349
610
69
250
439
918
928
394
29
592
81
675
528
822
214
447
805
694
132
819
952
222
625
724
71
197
314
3
641
114
812
920
764
165
691
366
369
424
601
436
827
36
253
681
50
592
573
577
353
608
422
805
21
450
812
443
202
445
437
684
705
486
773
135
207
979
333
95
549
477
511
490
573
7
625
194
940
209
533
431
18
16
550
459
409
220
764
850
75
866
267
403
171
539
143
834
278
770
757
103
514
756
71
8
911
162
985
497
232
285
308
99
333
10
334
479
622
404
150
160
141
120
740
799
407
434
263
861
546
115
552
286
356
175
636
925
362
310
378
453
200
25
800
58
690
530
172
162
250
496
565
417
450
814
57
579
604
850
176
458
388
116
756
822
875
96
188
426
77
91
147
558
566
82
13
115
230
834
465
980
282
709
300
285
207
183
374
952
962
131
69
769
206
857
57
887
719
930
464
744
130
519
730
798
326
91
692
756
692
532
50
142
429
888
537
446
105
625
84
791
351
928
360
668
361
909
445
58
964
206
789
240
531
944
329
793
418
325
988
892
660
766
25
423
151
636
592
757
384
703
823
93
442
85
937
471
400
409
638
382
968
491
121
879
323
379
867
371
27
518
736
819
987
596
586
937
87
49
16
441
509
118
477
106
348
71
251
861
652
176
925
203
679
476
493
938
853
909
279
166
741
856
142
717
88
255
399
30
67
628
298
299
486
93
528
52
804
529
634
158
574
772
456
47
773
287
451
486
960
318
128
245
586
121
50
622
282
720
571
726
689
794
386
394
291
890
466
764
715
492
832
962
11
893
260
631
254
780
246
736
988
854
503
326
448
15
974
984
645
779
646
900
785
711
303
306
765
432
481
583
896
870
143
870
127
544
472
85
325
253
560
748
949
259
857
520
150
379
522
812
951
565
388
113
391
866
224
136
674
515
693
990
383
814
912
300
294
725
372
379
619
55
847
918
855
77
66
71
678
34
397
72
495
525
895
996
559
809
150
319
198
551
999
710
723
449
697
379
950
944
933
554
56
328
98
42
848
450
364
695
552
4
978
481
606
933
988
905
715
699
641
585
386
733
56
338
817
882
196
665
740
683
30
754
695
723
199
737
616
486
243
120
748
486
721
271
219
286
746
754
854
433
35
168
460
144
189
8
67
673
284
767
917
222
588
177
943
737
212
89
71
490
858
937
896
977
25
785
152
836
854
654
541
136
890
450
166
304
394
479
684
411
263
483
596
755
213
870
665
338
12
236
659
237
632
655
883
232
352
678
425
590
587
922
102
954
39
489
771
999
677
414
266
77
302
36
599
826
853
609
92
209
132
175
825
580
34
472
924
656
91
611
305
988
869
758
304
507
785
32
231
636
810
283
366
99
263
509
679
459
820
192
440
334
888
262
672
723
989
984
851
506
691
296
367
47
775
411
964
962
108
823
270
421
298
841
490
783
321
204
809
540
588
640
92
482
605
710
671
879
861
569
16
613
771
950
739
189
246
628
207
206
34
700
41
853
567
234
33
106
905
562
142
579
249
576
657
737
227
423
361
219
766
441
185
181
489
715
948
381
118
165
406
813
987
599
976
975
204
877
97
558
784
619
91
746
663
671
409
262
455
173
692
720
864
106
803
875
621
378
388
198
982
971
693
36
178
103
100
663
496
653
832
719
534
332
546
371
988
193
445
178
13
529
482
416
305
454
323
379
66
786
777
625
587
230
510
397
935
799
523
840
251
32
771
642
187
827
930
602
146
714
746
742
624
270
850
828
54
556
196
20
918
56
571
592
884
27
65
494
95
15
847
160
28
216
640
246
552
128
550
460
322
72
35
299
862
366
555
749
335
632
957
555
313
936
580
98
836
161
26
56
960
54
851
300
547
503
421
538
453
992
672
922
517
93
783
42
805
41
90
494
979
800
789
787
158
497
905
961
417
215
634
210
405
707
980
231
95
190
474
399
445
74
405
695
38
463
761
228
102
171
644
400
76
389
160
191
187
348
588
123
728
212
733
148
160
149
113
619
484
251
852
246
952
242
416
637
415
907
554
641
418
285
454
216
556
799
326
851
626
352
433
76
578
486
545
713
750
347
664
934
679
85
953
522
407
424
723
122
117
238
311
595
684
250
642
364
903
979
491
182
556
679
772
631
516
675
824
901
500
252
268
233
395
636
734
405
695
47
761
396
354
111
975
37
11
569
824
929
904
456
865
159
558
445
985
582
822
641
57
276
540
284
273
124
731
30
202
647
84
763
689
22
200
509
618
828
971
350
912
356
260
129
512
778
682
134
430
758
916
442
138
506
331
44
960
100
466
896
686
832
678
739
342
563
111
744
596
15
267
618
239
42
103
79
237
464
304
309
279
834
410
46
480
73
858
185
995
487
173
819
546
123
904
926
641
525
252
642
241
318
188
132
158
181
301
939
396
972
761
913
131
701
250
825
151
663
667
483
405
273
901
983
748
391
966
537
765
622
672
700
864
965
499
469
210
85
986
126
154
415
56
829
530
579
548
958
400
854
809
328
331
194
430
739
535
853
397
744
427
384
815
183
216
751
371
698
401
395
451
340
414
220
661
220
674
518
781
695
706
325
905
281
710
112
223
124
461
209
224
94
578
818
867
15
19
370
229
872
49
492
161
356
726
280
688
744
81
826
431
940
408
553
242
589
136
446
172
149
3
320
670
927
617
611
544
420
549
930
872
167
94
729
760
347
314
422
872
447
702
716
681
710
794
683
471
694
935
3
450
416
39
171
584
244
759
553
960
577
731
838
921
681
350
601
740
322
486
197
611
728
362
807
895
38
53
19
936
54
980
560
654
494
3
484
890
86
388
398
64
117
395
694
884
887
807
672
183
209
39
779
507
644
446
32
756
467
290
540
518
735
965
814
357
259
345
720
560
885
55
977
158
47
85
239
861
824
766
37
714
230
226
260
979
768
710
384
114
44
624
476
259
512
473
305
753
789
465
147
149
203
593
820
609
869
586
963
733
691
977
590
262
474
13
568
447
341
889
405
188
460
386
395
480
784
864
570
297
345
988
617
847
886
710
569
545
190
877
628
812
1000
771
283
269
307
980
618
482
872
586
613
827
658
399
221
309
682
917
164
481
478
983
104
147
536
984
260
544
594
467
613
943
332
714
223
494
492
262
233
904
683
871
371
306
708
587
265
616
721
576
178
506
711
441
835
791
409
486
937
79
369
695
410
30
463
540
874
58
381
718
663
708
962
522
311
816
408
166
807
211
894
295
959
743
268
104
396
352
826
330
206
744
891
450
393
719
500
161
581
453
515
959
437
989
726
883
397
892
865
477
203
89
149
471
642
710
611
66
500
952
115
741
972
80
109
132
218
451
929
110
648
418
727
91
642
245
954
752
508
828
999
116
927
133
911
66
586
610
501
778
512
837
679
762
781
770
673
642
681
114
634
818
932
639
714
441
479
525
15
13
10
164
846
266
431
838
27
321
125
142
537
784
804
224
210
506
273
571
43
950
55
306
742
132
146
608
646
668
109
178
538
727
309
1
296
299
416
653
769
531
69
602
217
639
450
737
925
403
858
947
675
127
492
970
167
134
728
365
324
345
504
232
285
518
633
343
955
609
459
821
385
492
896
79
789
736
210
825
118
725
989
556
54
920
261
938
323
747
308
864
7
343
589
330
339
677
926
429
770
246
937
18
90
256
560
675
574
756
774
913
915
635
576
929
541
322
133
991
366
85
317
685
230
535
665
619
573
148
629
269
562
204
762
21
884
789
766
527
379
375
613
373
20
468
951
397
19
342
360
215
98
117
886
139
870
919
933
564
736
765
562
178
365
279
62
583
764
955
949
896
95
498
235
632
510
836
419
690
440
447
971
248
638
419
750
129
543
163
882
911
108
807
423
911
570
629
267
826
943
316
545
197
915
553
769
203
315
770
570
745
308
834
280
675
432
314
807
467
496
385
737
392
817
260
925
484
247
751
517
542
72
558
612
808
37
358
425
964
704
218
672
58
832
193
178
745
92
390
291
